36757883631 11118231525
36756009834 11117590930
36753198796 11115877655
36749214630 11113639331
36743426901 11112306431
36735510658 11106473972
36700604508 11089709385
36694786884 11087053087
36689970941 11085263839
36685180651 11083788327
36668512108 11076739684
36663899002 11075901597
36660897136 11075010545
36655127412 11072211401
36652635172 11071397467
36644413850 11068422062
36635361376 11064581712
36627241206 none
36614885083 11055850810
36610314642 11052794664
36604591088 11051625814
36573051423 11035309132
36566321279 11032008798
36564259128 11031302952
36561845296 11029858862
36558070397 11028547309
36552359373 11026120952
36551173606 11024662137
36547291302 11023991237
36544815356 11021249400
36541931932 11021033766
36539276877 11020700008
36531183546 11017325666
36524186919 11014561527
36519591419 11012363315
36516994616 11011835634
36513709377 11010273983
36512380437 11009371920
36504759100 11006403921
36501835950 11005348114
36497708701 11004431712
36492365464 11001797170
36490041156 11000938313
36489061157 11000907277
36487664436 11000185419
36484798543 11000070238
36483880075 10998775319
36474802555 10992912771
36470311390 10991710974
36467472356 10991195587
36461675073 10987823638
36460075271 10988046057
36457515928 10985947924
36448731312 10982950844
36437646338 10976925878
36434702458 10974654603
36433409537 10974681883
36430458582 10973148029
36429638471 10973645366
36425442901 10971588210
36422708769 10970765167
36416432775 10967582526
36414333120 10965883601
36410643187 10963794046
36405948461 10962189312
36403735345 10961278871
36380885205 10952289550
36379342990 10951884775
36376757008 10951511171
36375456067 10950708527
36372351220 10950220848
36370685316 10949515473
36369257481 10947954934
36358735531 10944733190
36357874550 10944068615
36357141414 10944710975
36353363937 10943470275
36352918963 10943301170
36351682776 10942651610
